# Emergency Corridor Edges (node_id_1, node_id_2)
262251757,cluster_2578612976_262250647_2810872733_2810990584_#1more
312894014,315486997
243338885,6126749210
30253400,7033511105
597933742,597933744
5331033627,cluster_12703479479_543552982
30312481,582942236
10219380101,cluster_2473421347_416885093_4881689081
506131402,cluster_2407371630_359979755
262251752,262251757
262251752,cluster_1297445121_262251531_2810990589_347340786
1402845495,190987745
1401840772,18520820-AddedOffRampNode
1307297616,1307297617
190971704,242284801
190971702,cluster_190985498_190985499_533663031
559417176,597933742
506236275,559794893
541643988,cluster_12703479479_543552982
10649558039,4593186750
312894013,541644006
4411622709,4435194975
381897075,382063644
575781202,582942236
219018792,30242768
12952598289,620148198
544222994,cluster_10858526497_10858526500_441668045_544222987
2473393932,cluster_2473393967_2473405274_4309985784
4385157796,4411622709
1940583260,2197824495
1710758986,30689525
2075448033,2454108931
3045198147,597933814
cluster_253795220_253795580_3662615660_7006970222,cluster_3662615687_381897082_385664092_7006970223
559420249,765910378
597239682,619422387
2677447194,2677447201
3407038839,543552907
30689525,381897075
544222994,cluster_1297445121_262251531_2810990589_347340786
4171977688,4171977889
1307297616,559061396
312680292,365565833
247637650,cluster_1297445112_247637112_2810872737_2810990580_#1more
243338881,2454108931
30312482,30312484
30253400,543552977
30297642,cluster_190971708_219011772
876277535,876277542
4171977688,575781196
543553141,559417176
2473393905,2473393908
290060008,559420249
243338885,30312830
506131379,cluster_243345653_30297797_4139413948
243338863,30313010
559420249,559420255
3407038839,543552912
541643984,541644006
416885095,597263758
541643988,541644040
1940555303,30312952
543553141,765910344
506131402,9233468280
2075448033,4385157798
543552988,544223044
575781196,cluster_253795221_253795578_253795579_2767286515_#6more
30253202,30253203
190989415,30343467
1402845495,30343411
1710758986,243338863
12561010930,506131402
30253203,30312976
1940555303,30312962
243341157,cluster_243341156_4171977898
312894013,765910344
cluster_190971708_219011772,cluster_243345653_30297797_4139413948
30313010,5451351932
365565831,4411622709
243338885,381897075
1621899823,30312481
2677447194,6126749211
543552897,543552903
30253391,30253392
541644006,765910378
365565833,cluster_1297445169_2810872725_365564404_415989799
597933814,619422387
190985756,876375351
876375351,cluster_243341156_4171977898
30253202,cluster_1125511774_243339109_4454226363_4454226365_#1more
541644040,543552977
10219380101,4593186750
10181755028,4435194975
1621899823,30312830
30253210,30312484
cluster_1125511774_243339109_4454226363_4454226365_#1more,cluster_2407371630_359979755
4593186750,cluster_1297445169_2810872725_365564404_415989799
2473393908,2473393932
190971702,21638891
cluster_2473393967_2473405274_4309985784,cluster_2473393976_30297527
2197824495,cluster_2473393853_2473393864_2473393875_2473393884_#4more
2677447201,cluster_2407371630_359979755
315486997,618431744
219018792,243339566
559419000,620148198
2473393908,4385157798
1940624161,30312952
2677447194,8220989688
12908905302,1401840805
12952598289,619422387
190989415,4260777637
cluster_1119994499_30242977_4171977906,cluster_243341156_4171977898
2593809553,cluster_2473393853_2473393864_2473393875_2473393884_#4more
3045198147,4318409704
4827417964,cluster_1622002024_2767286513_536428062
30242768,506236275
262251807,30253392
243338881,365566120
1940583260,243338878
1401840805,1401857361
618431744,620148180
243338866,243338881
cluster_253795220_253795580_3662615660_7006970222,cluster_253795221_253795578_253795579_2767286515_#6more
315486997,618431746
290060008,290060062
30313010,365565045
190971704,cluster_242284800_243345266_243345435_7254139887_#1more
13269389030,cluster_190985498_190985499_533663031
2593809554,365566120
cluster_10858526497_10858526500_441668045_544222987,cluster_1297445169_2810872725_365564404_415989799
243338878,cluster_1940573413_1940864524
30312481,30312482
247637650,262251807
30343487,876277535
2958482500,cluster_3662615687_381897082_385664092_7006970223
559415593,559419000
506223417,597239682
575781202,cluster_1622002024_2767286513_536428062
4192143112,cluster_1297445112_247637112_2810872737_2810990580_#1more
312894014,416885092
543552903,543552907
30312976,4385157796
1297428801,543552988
30343411,30343467
5331033627,543552988
290060062,560006189
1940624161,30253390
1401840772,190985756
12908905302,cluster_1119994499_30242977_4171977906
560006189,8410279119
575781202,cluster_253795221_253795578_253795579_2767286515_#6more
312894013,618431746
190987745,cluster_242284800_243345266_243345435_7254139887_#1more
243338866,5451351932
10181755028,312680292
190971702,190971704
242284801,cluster_243345653_30297797_4139413948
1307297616,416885095
30253390,30312951
243338878,30312962
243339566,2677447201
6126749210,6126749211
30343487,4260777637
2593809553,2593809554
4171977889,cluster_1119994499_30242977_4171977906
543552912,cluster_1297445112_247637112_2810872737_2810990580_#1more
1305741265,597933742
559415593,620148180
cluster_253795218_30689530_3662615713_7006970224,cluster_3662615687_381897082_385664092_7006970223
30253400,543552897
416885092,597263758
30253390,30253391
541643983,544223044
416885095,cluster_2473421347_416885093_4881689081
cluster_253795218_30689530_3662615713_7006970224,cluster_30253211_30253212_3662616940_7309045630
3592013495,cluster_190971708_219011772
cluster_2473393976_30297527,cluster_2473394000_2473394005_30297525
190985756,876277542
