# Emergency Corridor Edges (node_id_1, node_id_2)
10182331319,30246862
6984788045,cluster_10896052336_30238021
30237867,30237873
8173291407,cluster_11289437704_442540272_9682864167
30237628,30246768
30237587,30237588
10177414047,10177414048
430535703,8210712079
30237700,30237701
10177321808,12952819985
442540253,442540254
1532752078,30246862
10182331320,750591201
12884134295,1362900013
30243209,cluster_1126848522_30243208_3184415002_6855299017
12228680157,30242864
2777318575,cluster_250793733_773324530
13228605046,30237703
30237640,30238025
10182303351,30243261
10896052337,cluster_10896052336_30238021
30243054,7515360155
30237699,30237700
243339207,9233468280
cluster_243756418_8637567268,cluster_431481321_431481322
30237698,4823547657
12516839218,30248549
30243312,30243313
26057307,3314271774
1479334726,cluster_30243319_3181254555_6762205354_8530036654
30237772,30237867
12228680157,442540236
442540252,cluster_301572279_301572963_33098956_9939470211
30246820,30246860
30243054,442540235
10182331328,5166503556
30243321,30685340
6842012554,6984788045
2917908492,557187296
12953119988,30237699
252826185,30238006
10181609594,13228605049
30237633,30237634
30242965,30243062
30237640,30237698
10896052335,12516839218
1311770050,30243053
30237873,30238023
30246778,30246820
249426450,3134765936
30237616,30247166
30237588,30248549
6762254081,8173291407
30243209,30243210
30243047,3314271803
2917908492,30237627
30238027,cluster_301572459_301572957_71643542
1624948207,30237628
30237612,30247089
1382873591,249426450
10177321808,10177321811
cluster_1864143460_250794421_431481328_9449729915,cluster_431481321_431481322
1382873591,30246859
10182331319,10182331320
26057389,3314271774
30237873,30238005
12952819985,1532752078
11012409286,11012409292
30243061,30243062
30238023,30247089
30238030,442540240
30237586,30237587
13228605046,13228605049
30237586,30246859
30247166,30247432
30238031,30238032
442540242,5264394426
442540267,cluster_1126848522_30243208_3184415002_6855299017
30247434,cluster_301572279_301572963_33098956_9939470211
12896037724,cluster_4414985711_541643976_9605043050
1479334726,cluster_1479334771_4850174878
10177414035,1532752084
30237634,30237635
10177414048,30246771
30243321,30243365
30243061,30243129
9233468280,cluster_4414985711_541643976_9605043050
750591201,cluster_1479334771_4850174878
1121909724,30243312
30247434,3314294600
30243129,cluster_250793733_773324530
442540252,442540253
30237873,4823547657
30238029,cluster_301572459_301572957_71643542
30685340,cluster_1479334626_30685337
30243322,555187275
10182331330,30246781
30238023,7580972991
10177414035,4221867404
30237613,30237633
30243053,442540254
1532752084,1532752086
30243056,7515360155
30246771,30246781
10182303354,cluster_1126848522_30243208_3184415002_6855299017
30237613,30237772
1121909724,12919487176
30237588,30246768
30238032,30243261
1362900013,1378894231
4717481850,536418253
30243047,4221867404
10177414047,1532752081
30254089,536418253
30237632,30247088
30247432,cluster_301572944_71643547_9803583623
30246778,30248549
1382873680,30237628
442540267,cluster_11289437704_442540272_9682864167
10896052335,10896052337
30685340,cluster_30243319_3181254555_6762205354_8530036654
1311770050,1382922538
30237617,30247432
1532752081,cluster_1479334771_4850174878
1311770053,30238029
30238025,30247167
30242965,cluster_1864143460_250794421_431481328_9449729915
30238025,30238026
12953119988,30237698
13228605049,30237701
10182331328,10182331330
30238005,30238006
6842012554,7580972991
30238030,30238031
cluster_243756418_8637567268,cluster_4414985711_541643976_9605043050
26057389,30237703
442540240,442540242
12952999266,1382873516
30243058,cluster_250793733_773324530
10182303351,10182303354
30238030,30243373
11528243877,442540236
30242965,4717481850
1532752086,252826185
1297744734,cluster_1479334626_30685337
30247088,442540269
11370726443,555187275
1624948207,30237627
1378894231,442540269
1311770053,442540240
30237612,30237632
30243313,30246862
30237642,30243322
30238026,30238027
1382873516,2917908492
11012409292,30243056
442540276,8210712079
11370726443,30247434
30237642,30237700
30247166,30247167
30243065,30254089
30238005,30243365
430535703,6762254081
30242864,442540253
11012409286,30243058
30243261,30243262
30243053,442540235
